EMNIST Digits Test Accuracy: 99.54%

              precision    recall  f1-score   support

           0     0.9990    0.9935    0.9962      4000
           1     0.9982    0.9940    0.9961      4000
           2     0.9957    0.9942    0.9950      4000
           3     0.9960    0.9945    0.9952      4000
           4     0.9928    0.9970    0.9949      4000
           5     0.9972    0.9952    0.9962      4000
           6     0.9948    0.9970    0.9959      4000
           7     0.9923    0.9985    0.9954      4000
           8     0.9962    0.9938    0.9950      4000
           9     0.9918    0.9962    0.9940      4000

    accuracy                         0.9954     40000
   macro avg     0.9954    0.9954    0.9954     40000
weighted avg     0.9954    0.9954    0.9954     40000
